[logo.jpg]
filters=radsat=1,0.500000,0.500000,0.134503,0.000000;
moddate=4c58064788cfd101
width=98
height=80
textactive=0
